 sig=    1.000000000000000     
 dt=   1.0000000000000000E-010
 steps=      5000000
 x0=   0.1970000000000000         3.110000000000000      
    9.520000000000000     
 u=    500000.0000000000     
 v_perp=    3400000.000000000     
 
time(s)         r       z        zeta      s
    9.9000000000E-09    5.3775692211E-01    1.8824478735E-02    9.5276191310E+00    1.9700001552E-01
    1.9900000000E-08    5.3780903550E-01    2.0712496026E-02    9.5353155267E+00    1.9700003551E-01
    2.9900000000E-08    5.3786551966E-01    2.2600768696E-02    9.5430124306E+00    1.9700005984E-01
    3.9900000000E-08    5.3792638000E-01    2.4489345331E-02    9.5507100459E+00    1.9700008851E-01
    4.9900000000E-08    5.3799162272E-01    2.6378274302E-02    9.5584085758E+00    1.9700012152E-01
    5.9900000000E-08    5.3806125484E-01    2.8267603750E-02    9.5661082232E+00    1.9700015887E-01
    6.9900000000E-08    5.3813528421E-01    3.0157381572E-02    9.5738091908E+00    1.9700020057E-01
    7.9900000000E-08    5.3821371945E-01    3.2047655413E-02    9.5815116809E+00    1.9700024662E-01
    8.9900000000E-08    5.3829657004E-01    3.3938472651E-02    9.5892158959E+00    1.9700029702E-01
    9.9900000000E-08    5.3838384625E-01    3.5829880388E-02    9.5969220377E+00    1.9700035178E-01
    1.0990000000E-07    5.3847555916E-01    3.7721925434E-02    9.6046303082E+00    1.9700041090E-01
    1.1990000000E-07    5.3857172070E-01    3.9614654305E-02    9.6123409090E+00    1.9700047438E-01
    1.2990000000E-07    5.3867234359E-01    4.1508113207E-02    9.6200540419E+00    1.9700054223E-01
    1.3990000000E-07    5.3877744140E-01    4.3402348026E-02    9.6277699081E+00    1.9700061446E-01
    1.4990000000E-07    5.3888702851E-01    4.5297404323E-02    9.6354887091E+00    1.9700069106E-01
    1.5990000000E-07    5.3900112014E-01    4.7193327319E-02    9.6432106462E+00    1.9700077205E-01
    1.6990000000E-07    5.3911973233E-01    4.9090161887E-02    9.6509359205E+00    1.9700085744E-01
    1.7990000000E-07    5.3924288197E-01    5.0987952544E-02    9.6586647332E+00    1.9700094723E-01
    1.8990000000E-07    5.3937058679E-01    5.2886743440E-02    9.6663972857E+00    1.9700104142E-01
    1.9990000000E-07    5.3950286536E-01    5.4786578347E-02    9.6741337791E+00    1.9700114003E-01
    2.0990000000E-07    5.3963973710E-01    5.6687500647E-02    9.6818744148E+00    1.9700124307E-01
    2.1990000000E-07    5.3978122227E-01    5.8589553324E-02    9.6896193941E+00    1.9700135054E-01
    2.2990000000E-07    5.3992734201E-01    6.0492778949E-02    9.6973689184E+00    1.9700146246E-01
    2.3990000000E-07    5.4007811830E-01    6.2397219670E-02    9.7051231893E+00    1.9700157882E-01
    2.4990000000E-07    5.4023357401E-01    6.4302917197E-02    9.7128824084E+00    1.9700169966E-01
    2.5990000000E-07    5.4039373285E-01    6.6209912788E-02    9.7206467776E+00    1.9700182497E-01
    2.6990000000E-07    5.4055861942E-01    6.8118247238E-02    9.7284164986E+00    1.9700195476E-01
    2.7990000000E-07    5.4072825921E-01    7.0027960855E-02    9.7361917735E+00    1.9700208905E-01
    2.8990000000E-07    5.4090267857E-01    7.1939093453E-02    9.7439728044E+00    1.9700222785E-01
    2.9990000000E-07    5.4108190476E-01    7.3851684328E-02    9.7517597935E+00    1.9700237118E-01
    3.0990000000E-07    5.4126596591E-01    7.5765772242E-02    9.7595529432E+00    1.9700251904E-01
    3.1990000000E-07    5.4145489108E-01    7.7681395403E-02    9.7673524558E+00    1.9700267145E-01
    3.2990000000E-07    5.4164871019E-01    7.9598591444E-02    9.7751585338E+00    1.9700282842E-01
    3.3990000000E-07    5.4184745409E-01    8.1517397405E-02    9.7829713795E+00    1.9700298997E-01
    3.4990000000E-07    5.4205115453E-01    8.3437849705E-02    9.7907911956E+00    1.9700315611E-01
    3.5990000000E-07    5.4225984418E-01    8.5359984127E-02    9.7986181842E+00    1.9700332685E-01
    3.6990000000E-07    5.4247355662E-01    8.7283835787E-02    9.8064525479E+00    1.9700350221E-01
    3.7990000000E-07    5.4269232633E-01    8.9209439113E-02    9.8142944886E+00    1.9700368221E-01
    3.8990000000E-07    5.4291618874E-01    9.1136827824E-02    9.8221442085E+00    1.9700386685E-01
    3.9990000000E-07    5.4314518019E-01    9.3066034896E-02    9.8300019092E+00    1.9700405616E-01
    4.0990000000E-07    5.4337933791E-01    9.4997092545E-02    9.8378677923E+00    1.9700425016E-01
    4.1990000000E-07    5.4361870011E-01    9.6930032196E-02    9.8457420587E+00    1.9700444884E-01
    4.2990000000E-07    5.4386330589E-01    9.8864884460E-02    9.8536249093E+00    1.9700465224E-01
    4.3990000000E-07    5.4411319529E-01    1.0080167910E-01    9.8615165441E+00    1.9700486037E-01
    4.4990000000E-07    5.4436840925E-01    1.0274044503E-01    9.8694171630E+00    1.9700507325E-01
    4.5990000000E-07    5.4462898966E-01    1.0468121025E-01    9.8773269648E+00    1.9700529088E-01
    4.6990000000E-07    5.4489497934E-01    1.0662400184E-01    9.8852461481E+00    1.9700551330E-01
    4.7990000000E-07    5.4516642199E-01    1.0856884595E-01    9.8931749105E+00    1.9700574051E-01
    4.8990000000E-07    5.4544336228E-01    1.1051576777E-01    9.9011134487E+00    1.9700597254E-01
    4.9990000000E-07    5.4572584577E-01    1.1246479146E-01    9.9090619588E+00    1.9700620939E-01
    5.0990000000E-07    5.4601391893E-01    1.1441594021E-01    9.9170206358E+00    1.9700645110E-01
    5.1990000000E-07    5.4630762915E-01    1.1636923613E-01    9.9249896735E+00    1.9700669767E-01
    5.2990000000E-07    5.4660702471E-01    1.1832470031E-01    9.9329692649E+00    1.9700694912E-01
    5.3990000000E-07    5.4691215482E-01    1.2028235272E-01    9.9409596018E+00    1.9700720548E-01
    5.4990000000E-07    5.4722306956E-01    1.2224221225E-01    9.9489608745E+00    1.9700746675E-01
    5.5990000000E-07    5.4753981991E-01    1.2420429669E-01    9.9569732725E+00    1.9700773297E-01
    5.6990000000E-07    5.4786245772E-01    1.2616862266E-01    9.9649969834E+00    1.9700800414E-01
    5.7990000000E-07    5.4819103574E-01    1.2813520564E-01    9.9730321938E+00    1.9700828029E-01
    5.8990000000E-07    5.4852560755E-01    1.3010405996E-01    9.9810790887E+00    1.9700856143E-01
    5.9990000000E-07    5.4886622763E-01    1.3207519875E-01    9.9891378515E+00    1.9700884759E-01
    6.0990000000E-07    5.4921295127E-01    1.3404863396E-01    9.9972086639E+00    1.9700913879E-01
    6.1990000000E-07    5.4956583465E-01    1.3602437631E-01    1.0005291706E+01    1.9700943503E-01
    6.2990000000E-07    5.4992493473E-01    1.3800243534E-01    1.0013387157E+01    1.9700973635E-01
    6.3990000000E-07    5.5029030933E-01    1.3998281934E-01    1.0021495192E+01    1.9701004276E-01
    6.4990000000E-07    5.5066201704E-01    1.4196553539E-01    1.0029615988E+01    1.9701035429E-01
    6.5990000000E-07    5.5104011729E-01    1.4395058932E-01    1.0037749716E+01    1.9701067095E-01
    6.6990000000E-07    5.5142467027E-01    1.4593798570E-01    1.0045896547E+01    1.9701099276E-01
    6.7990000000E-07    5.5181573693E-01    1.4792772789E-01    1.0054056651E+01    1.9701131975E-01
    6.8990000000E-07    5.5221337900E-01    1.4991981797E-01    1.0062230194E+01    1.9701165193E-01
    6.9990000000E-07    5.5261765895E-01    1.5191425678E-01    1.0070417340E+01    1.9701198933E-01
    7.0990000000E-07    5.5302863996E-01    1.5391104390E-01    1.0078618252E+01    1.9701233196E-01
    7.1990000000E-07    5.5344638594E-01    1.5591017764E-01    1.0086833091E+01    1.9701267986E-01
    7.2990000000E-07    5.5387096150E-01    1.5791165509E-01    1.0095062012E+01    1.9701303303E-01
    7.3990000000E-07    5.5430243191E-01    1.5991547207E-01    1.0103305173E+01    1.9701339150E-01
    7.4990000000E-07    5.5474086311E-01    1.6192162313E-01    1.0111562725E+01    1.9701375530E-01
    7.5990000000E-07    5.5518632169E-01    1.6393010160E-01    1.0119834818E+01    1.9701412444E-01
    7.6990000000E-07    5.5563887487E-01    1.6594089956E-01    1.0128121599E+01    1.9701449894E-01
    7.7990000000E-07    5.5609859045E-01    1.6795400786E-01    1.0136423214E+01    1.9701487883E-01
    7.8990000000E-07    5.5656553685E-01    1.6996941610E-01    1.0144739803E+01    1.9701526413E-01
    7.9990000000E-07    5.5703978304E-01    1.7198711268E-01    1.0153071505E+01    1.9701565486E-01
    8.0990000000E-07    5.5752139855E-01    1.7400708476E-01    1.0161418456E+01    1.9701605104E-01
    8.1990000000E-07    5.5801045340E-01    1.7602931833E-01    1.0169780789E+01    1.9701645270E-01
    8.2990000000E-07    5.5850701816E-01    1.7805379815E-01    1.0178158632E+01    1.9701685985E-01
    8.3990000000E-07    5.5901116386E-01    1.8008050781E-01    1.0186552112E+01    1.9701727252E-01
    8.4990000000E-07    5.5952296200E-01    1.8210942972E-01    1.0194961352E+01    1.9701769072E-01
    8.5990000000E-07    5.6004248450E-01    1.8414054516E-01    1.0203386470E+01    1.9701811449E-01
    8.6990000000E-07    5.6056980373E-01    1.8617383421E-01    1.0211827581E+01    1.9701854383E-01
    8.7990000000E-07    5.6110499244E-01    1.8820927588E-01    1.0220284799E+01    1.9701897878E-01
    8.8990000000E-07    5.6164812373E-01    1.9024684802E-01    1.0228758231E+01    1.9701941936E-01
    8.9990000000E-07    5.6219927109E-01    1.9228652740E-01    1.0237247982E+01    1.9701986558E-01
    9.0990000000E-07    5.6275850831E-01    1.9432828973E-01    1.0245754152E+01    1.9702031746E-01
    9.1990000000E-07    5.6332590950E-01    1.9637210961E-01    1.0254276837E+01    1.9702077504E-01
    9.2990000000E-07    5.6390154905E-01    1.9841796066E-01    1.0262816130E+01    1.9702123832E-01
    9.3990000000E-07    5.6448550160E-01    2.0046581543E-01    1.0271372120E+01    1.9702170733E-01
    9.4990000000E-07    5.6507784203E-01    2.0251564549E-01    1.0279944890E+01    1.9702218210E-01
    9.5990000000E-07    5.6567864546E-01    2.0456742144E-01    1.0288534520E+01    1.9702266263E-01
    9.6990000000E-07    5.6628798717E-01    2.0662111291E-01    1.0297141086E+01    1.9702314895E-01
    9.7990000000E-07    5.6690594263E-01    2.0867668861E-01    1.0305764660E+01    1.9702364109E-01
    9.8990000000E-07    5.6753258747E-01    2.1073411634E-01    1.0314405307E+01    1.9702413906E-01
    9.9990000000E-07    5.6816799744E-01    2.1279336300E-01    1.0323063090E+01    1.9702464288E-01
    1.0099000000E-06    5.6881224839E-01    2.1485439464E-01    1.0331738067E+01    1.9702515257E-01
    1.0199000000E-06    5.6946541627E-01    2.1691717647E-01    1.0340430290E+01    1.9702566815E-01
    1.0299000000E-06    5.7012757710E-01    2.1898167290E-01    1.0349139809E+01    1.9702618964E-01
    1.0399000000E-06    5.7079880695E-01    2.2104784753E-01    1.0357866666E+01    1.9702671706E-01
    1.0499000000E-06    5.7147918191E-01    2.2311566320E-01    1.0366610901E+01    1.9702725042E-01
    1.0599000000E-06    5.7216877810E-01    2.2518508202E-01    1.0375372548E+01    1.9702778975E-01
    1.0699000000E-06    5.7286767159E-01    2.2725606537E-01    1.0384151637E+01    1.9702833506E-01
    1.0799000000E-06    5.7357593848E-01    2.2932857394E-01    1.0392948191E+01    1.9702888637E-01
    1.0899000000E-06    5.7429365478E-01    2.3140256773E-01    1.0401762230E+01    1.9702944370E-01
    1.0999000000E-06    5.7502089646E-01    2.3347800610E-01    1.0410593770E+01    1.9703000706E-01
    1.1099000000E-06    5.7575773941E-01    2.3555484778E-01    1.0419442820E+01    1.9703057647E-01
    1.1199000000E-06    5.7650425941E-01    2.3763305089E-01    1.0428309385E+01    1.9703115195E-01
    1.1299000000E-06    5.7726053214E-01    2.3971257295E-01    1.0437193465E+01    1.9703173351E-01
    1.1399000000E-06    5.7802663316E-01    2.4179337091E-01    1.0446095055E+01    1.9703232116E-01
    1.1499000000E-06    5.7880263787E-01    2.4387540116E-01    1.0455014144E+01    1.9703291493E-01
    1.1599000000E-06    5.7958862152E-01    2.4595861956E-01    1.0463950719E+01    1.9703351482E-01
    1.1699000000E-06    5.8038465920E-01    2.4804298145E-01    1.0472904760E+01    1.9703412085E-01
    1.1799000000E-06    5.8119082581E-01    2.5012844164E-01    1.0481876240E+01    1.9703473304E-01
    1.1899000000E-06    5.8200719604E-01    2.5221495447E-01    1.0490865131E+01    1.9703535139E-01
    1.1999000000E-06    5.8283384439E-01    2.5430247380E-01    1.0499871397E+01    1.9703597592E-01
    1.2099000000E-06    5.8367084512E-01    2.5639095302E-01    1.0508894999E+01    1.9703660664E-01
    1.2199000000E-06    5.8451827230E-01    2.5848034506E-01    1.0517935892E+01    1.9703724357E-01
    1.2299000000E-06    5.8537619971E-01    2.6057060243E-01    1.0526994027E+01    1.9703788671E-01
    1.2399000000E-06    5.8624470091E-01    2.6266167719E-01    1.0536069348E+01    1.9703853607E-01
    1.2499000000E-06    5.8712384921E-01    2.6475352098E-01    1.0545161798E+01    1.9703919167E-01
    1.2599000000E-06    5.8801371764E-01    2.6684608504E-01    1.0554271311E+01    1.9703985352E-01
    1.2699000000E-06    5.8891437896E-01    2.6893932021E-01    1.0563397819E+01    1.9704052162E-01
    1.2799000000E-06    5.8982590569E-01    2.7103317692E-01    1.0572541249E+01    1.9704119600E-01
    1.2899000000E-06    5.9074837002E-01    2.7312760522E-01    1.0581701523E+01    1.9704187664E-01
    1.2999000000E-06    5.9168184389E-01    2.7522255480E-01    1.0590878558E+01    1.9704256358E-01
    1.3099000000E-06    5.9262639897E-01    2.7731797496E-01    1.0600072267E+01    1.9704325681E-01
    1.3199000000E-06    5.9358210661E-01    2.7941381463E-01    1.0609282558E+01    1.9704395634E-01
    1.3299000000E-06    5.9454903790E-01    2.8151002238E-01    1.0618509337E+01    1.9704466219E-01
    1.3399000000E-06    5.9552726364E-01    2.8360654642E-01    1.0627752504E+01    1.9704537436E-01
    1.3499000000E-06    5.9651685434E-01    2.8570333463E-01    1.0637011953E+01    1.9704609286E-01
    1.3599000000E-06    5.9751788025E-01    2.8780033449E-01    1.0646287578E+01    1.9704681770E-01
    1.3699000000E-06    5.9853041132E-01    2.8989749318E-01    1.0655579267E+01    1.9704754889E-01
    1.3799000000E-06    5.9955451724E-01    2.9199475750E-01    1.0664886904E+01    1.9704828644E-01
    1.3899000000E-06    6.0059026744E-01    2.9409207390E-01    1.0674210369E+01    1.9704903035E-01
    1.3999000000E-06    6.0163773106E-01    2.9618938849E-01    1.0683549540E+01    1.9704978063E-01
    1.4099000000E-06    6.0269697702E-01    2.9828664703E-01    1.0692904292E+01    1.9705053730E-01
    1.4199000000E-06    6.0376807397E-01    3.0038379489E-01    1.0702274493E+01    1.9705130036E-01
    1.4299000000E-06    6.0485109031E-01    3.0248077713E-01    1.0711660011E+01    1.9705206981E-01
    1.4399000000E-06    6.0594609423E-01    3.0457753840E-01    1.0721060710E+01    1.9705284567E-01
    1.4499000000E-06    6.0705315366E-01    3.0667402300E-01    1.0730476452E+01    1.9705362795E-01
    1.4599000000E-06    6.0817233633E-01    3.0877017483E-01    1.0739907095E+01    1.9705441664E-01
    1.4699000000E-06    6.0930370976E-01    3.1086593740E-01    1.0749352494E+01    1.9705521177E-01
    1.4799000000E-06    6.1044734125E-01    3.1296125383E-01    1.0758812502E+01    1.9705601334E-01
    1.4899000000E-06    6.1160329791E-01    3.1505606682E-01    1.0768286970E+01    1.9705682134E-01
    1.4999000000E-06    6.1277164666E-01    3.1715031861E-01    1.0777775745E+01    1.9705763581E-01
    1.5099000000E-06    6.1395245423E-01    3.1924395104E-01    1.0787278674E+01    1.9705845673E-01
    1.5199000000E-06    6.1514578719E-01    3.2133690544E-01    1.0796795599E+01    1.9705928411E-01
    1.5299000000E-06    6.1635171191E-01    3.2342912270E-01    1.0806326363E+01    1.9706011797E-01
    1.5399000000E-06    6.1757029463E-01    3.2552054319E-01    1.0815870804E+01    1.9706095831E-01
    1.5499000000E-06    6.1880160139E-01    3.2761110674E-01    1.0825428761E+01    1.9706180513E-01
    1.5599000000E-06    6.2004569810E-01    3.2970075267E-01    1.0835000070E+01    1.9706265845E-01
    1.5699000000E-06    6.2130265052E-01    3.3178941970E-01    1.0844584564E+01    1.9706351826E-01
    1.5799000000E-06    6.2257252423E-01    3.3387704598E-01    1.0854182076E+01    1.9706438457E-01
    1.5899000000E-06    6.2385538470E-01    3.3596356901E-01    1.0863792437E+01    1.9706525739E-01
    1.5999000000E-06    6.2515129721E-01    3.3804892568E-01    1.0873415477E+01    1.9706613671E-01
    1.6099000000E-06    6.2646032693E-01    3.4013305218E-01    1.0883051025E+01    1.9706702255E-01
    1.6199000000E-06    6.2778253887E-01    3.4221588398E-01    1.0892698907E+01    1.9706791491E-01
    1.6299000000E-06    6.2911799786E-01    3.4429735584E-01    1.0902358949E+01    1.9706881378E-01
    1.6399000000E-06    6.3046676860E-01    3.4637740173E-01    1.0912030977E+01    1.9706971918E-01
    1.6499000000E-06    6.3182891564E-01    3.4845595483E-01    1.0921714813E+01    1.9707063111E-01
    1.6599000000E-06    6.3320450333E-01    3.5053294747E-01    1.0931410282E+01    1.9707154956E-01
    1.6699000000E-06    6.3459359587E-01    3.5260831111E-01    1.0941117204E+01    1.9707247454E-01
    1.6799000000E-06    6.3599625729E-01    3.5468197631E-01    1.0950835403E+01    1.9707340605E-01
    1.6899000000E-06    6.3741255139E-01    3.5675387268E-01    1.0960564697E+01    1.9707434409E-01
    1.6999000000E-06    6.3884254179E-01    3.5882392885E-01    1.0970304907E+01    1.9707528866E-01
    1.7099000000E-06    6.4028629191E-01    3.6089207243E-01    1.0980055853E+01    1.9707623976E-01
    1.7199000000E-06    6.4174386492E-01    3.6295822998E-01    1.0989817354E+01    1.9707719739E-01
    1.7299000000E-06    6.4321532374E-01    3.6502232695E-01    1.0999589228E+01    1.9707816155E-01
    1.7399000000E-06    6.4470073105E-01    3.6708428765E-01    1.1009371294E+01    1.9707913225E-01
    1.7499000000E-06    6.4620014925E-01    3.6914403525E-01    1.1019163369E+01    1.9708010947E-01
    1.7599000000E-06    6.4771364041E-01    3.7120149165E-01    1.1028965272E+01    1.9708109322E-01
    1.7699000000E-06    6.4924126632E-01    3.7325657752E-01    1.1038776821E+01    1.9708208350E-01
    1.7799000000E-06    6.5078308840E-01    3.7530921224E-01    1.1048597833E+01    1.9708308030E-01
    1.7899000000E-06    6.5233916772E-01    3.7735931383E-01    1.1058428126E+01    1.9708408363E-01
    1.7999000000E-06    6.5390956493E-01    3.7940679892E-01    1.1068267520E+01    1.9708509348E-01
    1.8099000000E-06    6.5549434027E-01    3.8145158274E-01    1.1078115831E+01    1.9708610985E-01
    1.8199000000E-06    6.5709355354E-01    3.8349357903E-01    1.1087972878E+01    1.9708713274E-01
    1.8299000000E-06    6.5870726404E-01    3.8553270001E-01    1.1097838482E+01    1.9708816215E-01
    1.8399000000E-06    6.6033553055E-01    3.8756885637E-01    1.1107712461E+01    1.9708919808E-01
    1.8499000000E-06    6.6197841130E-01    3.8960195717E-01    1.1117594635E+01    1.9709024052E-01
    1.8599000000E-06    6.6363596393E-01    3.9163190986E-01    1.1127484825E+01    1.9709128948E-01
    1.8699000000E-06    6.6530824544E-01    3.9365862019E-01    1.1137382852E+01    1.9709234495E-01
    1.8799000000E-06    6.6699531216E-01    3.9568199217E-01    1.1147288539E+01    1.9709340693E-01
    1.8899000000E-06    6.6869721973E-01    3.9770192805E-01    1.1157201708E+01    1.9709447542E-01
    1.8999000000E-06    6.7041402300E-01    3.9971832827E-01    1.1167122183E+01    1.9709555041E-01
    1.9099000000E-06    6.7214577602E-01    4.0173109142E-01    1.1177049789E+01    1.9709663191E-01
    1.9199000000E-06    6.7389253199E-01    4.0374011418E-01    1.1186984352E+01    1.9709771992E-01
    1.9299000000E-06    6.7565434321E-01    4.0574529129E-01    1.1196925697E+01    1.9709881443E-01
    1.9399000000E-06    6.7743126103E-01    4.0774651554E-01    1.1206873654E+01    1.9709991543E-01
    1.9499000000E-06    6.7922333578E-01    4.0974367768E-01    1.1216828050E+01    1.9710102294E-01
    1.9599000000E-06    6.8103061673E-01    4.1173666642E-01    1.1226788717E+01    1.9710213694E-01
    1.9699000000E-06    6.8285315204E-01    4.1372536838E-01    1.1236755485E+01    1.9710325744E-01
    1.9799000000E-06    6.8469098869E-01    4.1570966806E-01    1.1246728187E+01    1.9710438443E-01
    1.9899000000E-06    6.8654417244E-01    4.1768944780E-01    1.1256706657E+01    1.9710551792E-01
    1.9999000000E-06    6.8841274773E-01    4.1966458774E-01    1.1266690731E+01    1.9710665789E-01
    2.0099000000E-06    6.9029675769E-01    4.2163496584E-01    1.1276680244E+01    1.9710780434E-01
    2.0199000000E-06    6.9219624402E-01    4.2360045778E-01    1.1286675035E+01    1.9710895728E-01
    2.0299000000E-06    6.9411124696E-01    4.2556093699E-01    1.1296674944E+01    1.9711011670E-01
    2.0399000000E-06    6.9604180520E-01    4.2751627460E-01    1.1306679811E+01    1.9711128260E-01
    2.0499000000E-06    6.9798795588E-01    4.2946633943E-01    1.1316689480E+01    1.9711245498E-01
    2.0599000000E-06    6.9994973445E-01    4.3141099797E-01    1.1326703793E+01    1.9711363383E-01
    2.0699000000E-06    7.0192717468E-01    4.3335011437E-01    1.1336722596E+01    1.9711481914E-01
    2.0799000000E-06    7.0392030857E-01    4.3528355042E-01    1.1346745737E+01    1.9711601092E-01
    2.0899000000E-06    7.0592916628E-01    4.3721116553E-01    1.1356773063E+01    1.9711720917E-01
    2.0999000000E-06    7.0795377612E-01    4.3913281676E-01    1.1366804426E+01    1.9711841387E-01
    2.1099000000E-06    7.0999416442E-01    4.4104835877E-01    1.1376839675E+01    1.9711962502E-01
    2.1199000000E-06    7.1205035556E-01    4.4295764388E-01    1.1386878666E+01    1.9712084263E-01
    2.1299000000E-06    7.1412237185E-01    4.4486052201E-01    1.1396921252E+01    1.9712206668E-01
    2.1399000000E-06    7.1621023354E-01    4.4675684071E-01    1.1406967289E+01    1.9712329717E-01
    2.1499000000E-06    7.1831395872E-01    4.4864644521E-01    1.1417016637E+01    1.9712453410E-01
    2.1599000000E-06    7.2043356328E-01    4.5052917835E-01    1.1427069154E+01    1.9712577746E-01
    2.1699000000E-06    7.2256906093E-01    4.5240488070E-01    1.1437124702E+01    1.9712702725E-01
    2.1799000000E-06    7.2472046307E-01    4.5427339048E-01    1.1447183144E+01    1.9712828346E-01
    2.1899000000E-06    7.2688777882E-01    4.5613454364E-01    1.1457244343E+01    1.9712954609E-01
    2.1999000000E-06    7.2907101496E-01    4.5798817390E-01    1.1467308167E+01    1.9713081513E-01
    2.2099000000E-06    7.3127017590E-01    4.5983411272E-01    1.1477374483E+01    1.9713209057E-01
    2.2199000000E-06    7.3348526366E-01    4.6167218937E-01    1.1487443159E+01    1.9713337242E-01
    2.2299000000E-06    7.3571627784E-01    4.6350223099E-01    1.1497514068E+01    1.9713466066E-01
    2.2399000000E-06    7.3796321560E-01    4.6532406256E-01    1.1507587082E+01    1.9713595530E-01
    2.2499000000E-06    7.4022607166E-01    4.6713750701E-01    1.1517662075E+01    1.9713725631E-01
    2.2599000000E-06    7.4250483826E-01    4.6894238522E-01    1.1527738924E+01    1.9713856371E-01
    2.2699000000E-06    7.4479950517E-01    4.7073851605E-01    1.1537817504E+01    1.9713987747E-01
    2.2799000000E-06    7.4711005969E-01    4.7252571646E-01    1.1547897697E+01    1.9714119761E-01
    2.2899000000E-06    7.4943648662E-01    4.7430380148E-01    1.1557979382E+01    1.9714252410E-01
    2.2999000000E-06    7.5177876830E-01    4.7607258429E-01    1.1568062443E+01    1.9714385694E-01
    2.3099000000E-06    7.5413688459E-01    4.7783187627E-01    1.1578146763E+01    1.9714519613E-01
    2.3199000000E-06    7.5651081289E-01    4.7958148709E-01    1.1588232229E+01    1.9714654165E-01
    2.3299000000E-06    7.5890052815E-01    4.8132122468E-01    1.1598318727E+01    1.9714789351E-01
    2.3399000000E-06    7.6130600290E-01    4.8305089535E-01    1.1608406147E+01    1.9714925169E-01
    2.3499000000E-06    7.6372720724E-01    4.8477030384E-01    1.1618494381E+01    1.9715061618E-01
    2.3599000000E-06    7.6616410889E-01    4.8647925333E-01    1.1628583320E+01    1.9715198697E-01
    2.3699000000E-06    7.6861667323E-01    4.8817754556E-01    1.1638672859E+01    1.9715336406E-01
    2.3799000000E-06    7.7108486327E-01    4.8986498082E-01    1.1648762894E+01    1.9715474743E-01
    2.3899000000E-06    7.7356863977E-01    4.9154135805E-01    1.1658853323E+01    1.9715613708E-01
    2.3999000000E-06    7.7606796118E-01    4.9320647486E-01    1.1668944046E+01    1.9715753300E-01
    2.4099000000E-06    7.7858278375E-01    4.9486012761E-01    1.1679034963E+01    1.9715893517E-01
    2.4199000000E-06    7.8111306156E-01    4.9650211144E-01    1.1689125978E+01    1.9716034357E-01
    2.4299000000E-06    7.8365874651E-01    4.9813222033E-01    1.1699216996E+01    1.9716175821E-01
    2.4399000000E-06    7.8621978842E-01    4.9975024713E-01    1.1709307923E+01    1.9716317906E-01
    2.4499000000E-06    7.8879613507E-01    5.0135598363E-01    1.1719398669E+01    1.9716460612E-01
    2.4599000000E-06    7.9138773219E-01    5.0294922060E-01    1.1729489143E+01    1.9716603936E-01
    2.4699000000E-06    7.9399452360E-01    5.0452974780E-01    1.1739579259E+01    1.9716747877E-01
    2.4799000000E-06    7.9661645116E-01    5.0609735406E-01    1.1749668930E+01    1.9716892434E-01
    2.4899000000E-06    7.9925345489E-01    5.0765182728E-01    1.1759758074E+01    1.9717037605E-01
    2.4999000000E-06    8.0190547298E-01    5.0919295450E-01    1.1769846608E+01    1.9717183389E-01
    2.5099000000E-06    8.0457244187E-01    5.1072052187E-01    1.1779934455E+01    1.9717329782E-01
    2.5199000000E-06    8.0725429627E-01    5.1223431475E-01    1.1790021535E+01    1.9717476785E-01
    2.5299000000E-06    8.0995096920E-01    5.1373411770E-01    1.1800107775E+01    1.9717624393E-01
    2.5399000000E-06    8.1266239207E-01    5.1521971447E-01    1.1810193102E+01    1.9717772607E-01
    2.5499000000E-06    8.1538849470E-01    5.1669088808E-01    1.1820277445E+01    1.9717921423E-01
    2.5599000000E-06    8.1812920537E-01    5.1814742076E-01    1.1830360737E+01    1.9718070840E-01
    2.5699000000E-06    8.2088445086E-01    5.1958909403E-01    1.1840442911E+01    1.9718220855E-01
    2.5799000000E-06    8.2365415648E-01    5.2101568866E-01    1.1850523905E+01    1.9718371465E-01
    2.5899000000E-06    8.2643824614E-01    5.2242698470E-01    1.1860603659E+01    1.9718522670E-01
    2.5999000000E-06    8.2923664231E-01    5.2382276144E-01    1.1870682113E+01    1.9718674465E-01
    2.6099000000E-06    8.3204926614E-01    5.2520279746E-01    1.1880759214E+01    1.9718826850E-01
    2.6199000000E-06    8.3487603742E-01    5.2656687058E-01    1.1890834908E+01    1.9718979821E-01
    2.6299000000E-06    8.3771687463E-01    5.2791475786E-01    1.1900909146E+01    1.9719133375E-01
    2.6399000000E-06    8.4057169495E-01    5.2924623559E-01    1.1910981880E+01    1.9719287511E-01
    2.6499000000E-06    8.4344041430E-01    5.3056107925E-01    1.1921053068E+01    1.9719442225E-01
    2.6599000000E-06    8.4632294729E-01    5.3185906355E-01    1.1931122668E+01    1.9719597515E-01
    2.6699000000E-06    8.4921920728E-01    5.3313996231E-01    1.1941190642E+01    1.9719753378E-01
    2.6799000000E-06    8.5212910638E-01    5.3440354852E-01    1.1951256956E+01    1.9719909811E-01
    2.6899000000E-06    8.5505255540E-01    5.3564959425E-01    1.1961321577E+01    1.9720066812E-01
    2.6999000000E-06    8.5798946387E-01    5.3687787066E-01    1.1971384478E+01    1.9720224377E-01
    2.7099000000E-06    8.6093974004E-01    5.3808814791E-01    1.1981445633E+01    1.9720382504E-01
    2.7199000000E-06    8.6390329082E-01    5.3928019521E-01    1.1991505019E+01    1.9720541190E-01
    2.7299000000E-06    8.6688002179E-01    5.4045378066E-01    1.2001562619E+01    1.9720700432E-01
    2.7399000000E-06    8.6986983712E-01    5.4160867133E-01    1.2011618418E+01    1.9720860226E-01
    2.7499000000E-06    8.7287263959E-01    5.4274463314E-01    1.2021672402E+01    1.9721020570E-01
    2.7599000000E-06    8.7588833050E-01    5.4386143081E-01    1.2031724565E+01    1.9721181461E-01
    2.7699000000E-06    8.7891680964E-01    5.4495882789E-01    1.2041774900E+01    1.9721342895E-01
    2.7799000000E-06    8.8195797521E-01    5.4603658663E-01    1.2051823406E+01    1.9721504870E-01
    2.7899000000E-06    8.8501172378E-01    5.4709446798E-01    1.2061870086E+01    1.9721667383E-01
    2.7999000000E-06    8.8807795023E-01    5.4813223151E-01    1.2071914944E+01    1.9721830430E-01
    2.8099000000E-06    8.9115654763E-01    5.4914963542E-01    1.2081957990E+01    1.9721994007E-01
    2.8199000000E-06    8.9424740719E-01    5.5014643642E-01    1.2091999236E+01    1.9722158113E-01
    2.8299000000E-06    8.9735041817E-01    5.5112238975E-01    1.2102038697E+01    1.9722322743E-01
    2.8399000000E-06    9.0046546779E-01    5.5207724910E-01    1.2112076394E+01    1.9722487894E-01
    2.8499000000E-06    9.0359244110E-01    5.5301076656E-01    1.2122112349E+01    1.9722653563E-01
    2.8599000000E-06    9.0673122091E-01    5.5392269261E-01    1.2132146589E+01    1.9722819747E-01
    2.8699000000E-06    9.0988168765E-01    5.5481277606E-01    1.2142179142E+01    1.9722986443E-01
    2.8799000000E-06    9.1304371928E-01    5.5568076403E-01    1.2152210043E+01    1.9723153646E-01
    2.8899000000E-06    9.1621719114E-01    5.5652640188E-01    1.2162239329E+01    1.9723321354E-01
    2.8999000000E-06    9.1940197583E-01    5.5734943323E-01    1.2172267038E+01    1.9723489563E-01
    2.9099000000E-06    9.2259794310E-01    5.5814959989E-01    1.2182293214E+01    1.9723658270E-01
    2.9199000000E-06    9.2580495966E-01    5.5892664187E-01    1.2192317905E+01    1.9723827472E-01
    2.9299000000E-06    9.2902288909E-01    5.5968029734E-01    1.2202341159E+01    1.9723997164E-01
    2.9399000000E-06    9.3225159166E-01    5.6041030263E-01    1.2212363029E+01    1.9724167343E-01
    2.9499000000E-06    9.3549092419E-01    5.6111639219E-01    1.2222383573E+01    1.9724338007E-01
    2.9599000000E-06    9.3874073989E-01    5.6179829865E-01    1.2232402849E+01    1.9724509151E-01
    2.9699000000E-06    9.4200088818E-01    5.6245575274E-01    1.2242420919E+01    1.9724680771E-01
    2.9799000000E-06    9.4527121458E-01    5.6308848336E-01    1.2252437849E+01    1.9724852865E-01
    2.9899000000E-06    9.4855156046E-01    5.6369621758E-01    1.2262453707E+01    1.9725025428E-01
    2.9999000000E-06    9.5184176295E-01    5.6427868065E-01    1.2272468565E+01    1.9725198457E-01
    3.0099000000E-06    9.5514165472E-01    5.6483559600E-01    1.2282482495E+01    1.9725371949E-01
    3.0199000000E-06    9.5845106380E-01    5.6536668535E-01    1.2292495576E+01    1.9725545899E-01
    3.0299000000E-06    9.6176981342E-01    5.6587166867E-01    1.2302507887E+01    1.9725720304E-01
    3.0399000000E-06    9.6509772182E-01    5.6635026428E-01    1.2312519509E+01    1.9725895160E-01
    3.0499000000E-06    9.6843460208E-01    5.6680218890E-01    1.2322530528E+01    1.9726070465E-01
    3.0599000000E-06    9.7178026190E-01    5.6722715769E-01    1.2332541030E+01    1.9726246212E-01
    3.0699000000E-06    9.7513450346E-01    5.6762488435E-01    1.2342551106E+01    1.9726422400E-01
    3.0799000000E-06    9.7849712319E-01    5.6799508120E-01    1.2352560847E+01    1.9726599025E-01
    3.0899000000E-06    9.8186791161E-01    5.6833745925E-01    1.2362570347E+01    1.9726776081E-01
    3.0999000000E-06    9.8524665313E-01    5.6865172833E-01    1.2372579703E+01    1.9726953567E-01
    3.1099000000E-06    9.8863312587E-01    5.6893759718E-01    1.2382589014E+01    1.9727131477E-01
    3.1199000000E-06    9.9202710147E-01    5.6919477357E-01    1.2392598380E+01    1.9727309808E-01
    3.1299000000E-06    9.9542834490E-01    5.6942296446E-01    1.2402607905E+01    1.9727488556E-01
    3.1399000000E-06    9.9883661428E-01    5.6962187607E-01    1.2412617692E+01    1.9727667717E-01
    3.1499000000E-06    1.0022516607E+00    5.6979121411E-01    1.2422627849E+01    1.9727847287E-01
    3.1599000000E-06    1.0056732280E+00    5.6993068389E-01    1.2432638483E+01    1.9728027262E-01
    3.1699000000E-06    1.0091010527E+00    5.7003999049E-01    1.2442649705E+01    1.9728207638E-01
    3.1799000000E-06    1.0125348637E+00    5.7011883895E-01    1.2452661627E+01    1.9728388411E-01
    3.1899000000E-06    1.0159743821E+00    5.7016693449E-01    1.2462674360E+01    1.9728569577E-01
    3.1999000000E-06    1.0194193212E+00    5.7018398264E-01    1.2472688022E+01    1.9728751131E-01
    3.2099000000E-06    1.0228693862E+00    5.7016968952E-01    1.2482702726E+01    1.9728933070E-01
    3.2199000000E-06    1.0263242741E+00    5.7012376201E-01    1.2492718591E+01    1.9729115388E-01
    3.2299000000E-06    1.0297836733E+00    5.7004590801E-01    1.2502735735E+01    1.9729298082E-01
    3.2399000000E-06    1.0332472640E+00    5.6993583668E-01    1.2512754279E+01    1.9729481147E-01
    3.2499000000E-06    1.0367147174E+00    5.6979325868E-01    1.2522774343E+01    1.9729664579E-01
    3.2599000000E-06    1.0401856962E+00    5.6961788643E-01    1.2532796049E+01    1.9729848373E-01
    3.2699000000E-06    1.0436598538E+00    5.6940943441E-01    1.2542819520E+01    1.9730032525E-01
    3.2799000000E-06    1.0471368349E+00    5.6916761940E-01    1.2552844880E+01    1.9730217029E-01
    3.2899000000E-06    1.0506162749E+00    5.6889216080E-01    1.2562872253E+01    1.9730401882E-01
    3.2999000000E-06    1.0540977998E+00    5.6858278091E-01    1.2572901766E+01    1.9730587078E-01
    3.3099000000E-06    1.0575810263E+00    5.6823920526E-01    1.2582933544E+01    1.9730772613E-01
    3.3199000000E-06    1.0610655617E+00    5.6786116293E-01    1.2592967714E+01    1.9730958481E-01
    3.3299000000E-06    1.0645510038E+00    5.6744838685E-01    1.2603004404E+01    1.9731144678E-01
    3.3399000000E-06    1.0680369407E+00    5.6700061414E-01    1.2613043740E+01    1.9731331197E-01
    3.3499000000E-06    1.0715229509E+00    5.6651758649E-01    1.2623085852E+01    1.9731518035E-01
    3.3599000000E-06    1.0750086032E+00    5.6599905047E-01    1.2633130869E+01    1.9731705186E-01
    3.3699000000E-06    1.0784934568E+00    5.6544475789E-01    1.2643178919E+01    1.9731892645E-01
    3.3799000000E-06    1.0819770610E+00    5.6485446617E-01    1.2653230131E+01    1.9732080405E-01
    3.3899000000E-06    1.0854589554E+00    5.6422793873E-01    1.2663284636E+01    1.9732268462E-01
    3.3999000000E-06    1.0889386700E+00    5.6356494533E-01    1.2673342563E+01    1.9732456810E-01
    3.4099000000E-06    1.0924157250E+00    5.6286526247E-01    1.2683404043E+01    1.9732645444E-01
    3.4199000000E-06    1.0958896309E+00    5.6212867375E-01    1.2693469205E+01    1.9732834357E-01
    3.4299000000E-06    1.0993598887E+00    5.6135497029E-01    1.2703538180E+01    1.9733023543E-01
    3.4399000000E-06    1.1028259897E+00    5.6054395111E-01    1.2713611099E+01    1.9733212998E-01
    3.4499000000E-06    1.1062874159E+00    5.5969542349E-01    1.2723688091E+01    1.9733402714E-01
    3.4599000000E-06    1.1097436399E+00    5.5880920341E-01    1.2733769288E+01    1.9733592687E-01
    3.4699000000E-06    1.1131941250E+00    5.5788511591E-01    1.2743854820E+01    1.9733782909E-01
    3.4799000000E-06    1.1166383253E+00    5.5692299550E-01    1.2753944818E+01    1.9733973374E-01
    3.4899000000E-06    1.1200756860E+00    5.5592268657E-01    1.2764039412E+01    1.9734164077E-01
    3.4999000000E-06    1.1235056437E+00    5.5488404374E-01    1.2774138734E+01    1.9734355010E-01
    3.5099000000E-06    1.1269276259E+00    5.5380693230E-01    1.2784242913E+01    1.9734546169E-01
    3.5199000000E-06    1.1303410519E+00    5.5269122856E-01    1.2794352080E+01    1.9734737545E-01
    3.5299000000E-06    1.1337453328E+00    5.5153682026E-01    1.2804466367E+01    1.9734929132E-01
    3.5399000000E-06    1.1371398715E+00    5.5034360695E-01    1.2814585903E+01    1.9735120925E-01
    3.5499000000E-06    1.1405240633E+00    5.4911150035E-01    1.2824710819E+01    1.9735312915E-01
    3.5599000000E-06    1.1438972958E+00    5.4784042476E-01    1.2834841246E+01    1.9735505097E-01
    3.5699000000E-06    1.1472589495E+00    5.4653031736E-01    1.2844977315E+01    1.9735697464E-01
    3.5799000000E-06    1.1506083976E+00    5.4518112864E-01    1.2855119155E+01    1.9735890007E-01
    3.5899000000E-06    1.1539450070E+00    5.4379282271E-01    1.2865266899E+01    1.9736082722E-01
    3.5999000000E-06    1.1572681381E+00    5.4236537763E-01    1.2875420676E+01    1.9736275599E-01
    3.6099000000E-06    1.1605771450E+00    5.4089878582E-01    1.2885580617E+01    1.9736468633E-01
    3.6199000000E-06    1.1638713766E+00    5.3939305427E-01    1.2895746853E+01    1.9736661815E-01
    3.6299000000E-06    1.1671501761E+00    5.3784820495E-01    1.2905919515E+01    1.9736855139E-01
    3.6399000000E-06    1.1704128818E+00    5.3626427508E-01    1.2916098733E+01    1.9737048597E-01
    3.6499000000E-06    1.1736588276E+00    5.3464131740E-01    1.2926284639E+01    1.9737242182E-01
    3.6599000000E-06    1.1768873429E+00    5.3297940049E-01    1.2936477364E+01    1.9737435885E-01
    3.6699000000E-06    1.1800977537E+00    5.3127860900E-01    1.2946677038E+01    1.9737629699E-01
    3.6799000000E-06    1.1832893825E+00    5.2953904393E-01    1.2956883794E+01    1.9737823616E-01
    3.6899000000E-06    1.1864615488E+00    5.2776082285E-01    1.2967097762E+01    1.9738017629E-01
    3.6999000000E-06    1.1896135699E+00    5.2594408013E-01    1.2977319074E+01    1.9738211728E-01
    3.7099000000E-06    1.1927447610E+00    5.2408896717E-01    1.2987547861E+01    1.9738405907E-01
    3.7199000000E-06    1.1958544357E+00    5.2219565254E-01    1.2997784256E+01    1.9738600156E-01
    3.7299000000E-06    1.1989419067E+00    5.2026432221E-01    1.3008028391E+01    1.9738794468E-01
    3.7399000000E-06    1.2020064861E+00    5.1829517969E-01    1.3018280397E+01    1.9738988835E-01
    3.7499000000E-06    1.2050474862E+00    5.1628844615E-01    1.3028540407E+01    1.9739183246E-01
    3.7599000000E-06    1.2080642193E+00    5.1424436056E-01    1.3038808554E+01    1.9739377695E-01
    3.7699000000E-06    1.2110559993E+00    5.1216317982E-01    1.3049084971E+01    1.9739572173E-01
    3.7799000000E-06    1.2140221413E+00    5.1004517880E-01    1.3059369790E+01    1.9739766671E-01
    3.7899000000E-06    1.2169619624E+00    5.0789065041E-01    1.3069663145E+01    1.9739961179E-01
    3.7999000000E-06    1.2198747827E+00    5.0569990569E-01    1.3079965171E+01    1.9740155690E-01
    3.8099000000E-06    1.2227599251E+00    5.0347327376E-01    1.3090276000E+01    1.9740350195E-01
    3.8199000000E-06    1.2256167163E+00    5.0121110190E-01    1.3100595767E+01    1.9740544684E-01
    3.8299000000E-06    1.2284444876E+00    4.9891375547E-01    1.3110924608E+01    1.9740739149E-01
    3.8399000000E-06    1.2312425747E+00    4.9658161791E-01    1.3121262657E+01    1.9740933581E-01
    3.8499000000E-06    1.2340103190E+00    4.9421509067E-01    1.3131610049E+01    1.9741127971E-01
    3.8599000000E-06    1.2367470679E+00    4.9181459309E-01    1.3141966922E+01    1.9741322310E-01
    3.8699000000E-06    1.2394521751E+00    4.8938056234E-01    1.3152333411E+01    1.9741516589E-01
    3.8799000000E-06    1.2421250016E+00    4.8691345330E-01    1.3162709655E+01    1.9741710798E-01
    3.8899000000E-06    1.2447649162E+00    4.8441373835E-01    1.3173095789E+01    1.9741904929E-01
    3.8999000000E-06    1.2473712955E+00    4.8188190725E-01    1.3183491953E+01    1.9742098974E-01
    3.9099000000E-06    1.2499435254E+00    4.7931846694E-01    1.3193898286E+01    1.9742292922E-01
    3.9199000000E-06    1.2524810008E+00    4.7672394130E-01    1.3204314927E+01    1.9742486765E-01
    3.9299000000E-06    1.2549831267E+00    4.7409887094E-01    1.3214742016E+01    1.9742680494E-01
    3.9399000000E-06    1.2574493184E+00    4.7144381293E-01    1.3225179695E+01    1.9742874100E-01
    3.9499000000E-06    1.2598790023E+00    4.6875934052E-01    1.3235628104E+01    1.9743067574E-01
    3.9599000000E-06    1.2622716162E+00    4.6604604285E-01    1.3246087387E+01    1.9743260907E-01
    3.9699000000E-06    1.2646266100E+00    4.6330452461E-01    1.3256557687E+01    1.9743454090E-01
    3.9799000000E-06    1.2669434461E+00    4.6053540572E-01    1.3267039147E+01    1.9743647114E-01
    3.9899000000E-06    1.2692215997E+00    4.5773932097E-01    1.3277531914E+01    1.9743839971E-01
    3.9999000000E-06    1.2714605600E+00    4.5491691962E-01    1.3288036131E+01    1.9744032650E-01
    4.0099000000E-06    1.2736598297E+00    4.5206886504E-01    1.3298551947E+01    1.9744225145E-01
    4.0199000000E-06    1.2758189262E+00    4.4919583425E-01    1.3309079509E+01    1.9744417445E-01
    4.0299000000E-06    1.2779373816E+00    4.4629851752E-01    1.3319618965E+01    1.9744609542E-01
    4.0399000000E-06    1.2800147434E+00    4.4337761792E-01    1.3330170465E+01    1.9744801428E-01
    4.0499000000E-06    1.2820505749E+00    4.4043385084E-01    1.3340734159E+01    1.9744993092E-01
    4.0599000000E-06    1.2840444553E+00    4.3746794351E-01    1.3351310199E+01    1.9745184527E-01
    4.0699000000E-06    1.2859959805E+00    4.3448063451E-01    1.3361898737E+01    1.9745375724E-01
    4.0799000000E-06    1.2879047631E+00    4.3147267324E-01    1.3372499926E+01    1.9745566675E-01
    4.0899000000E-06    1.2897704329E+00    4.2844481941E-01    1.3383113920E+01    1.9745757370E-01
    4.0999000000E-06    1.2915926374E+00    4.2539784250E-01    1.3393740876E+01    1.9745947801E-01
    4.1099000000E-06    1.2933710418E+00    4.2233252119E-01    1.3404380949E+01    1.9746137959E-01
    4.1199000000E-06    1.2951053293E+00    4.1924964279E-01    1.3415034297E+01    1.9746327836E-01
    4.1299000000E-06    1.2967952018E+00    4.1615000269E-01    1.3425701078E+01    1.9746517423E-01
    4.1399000000E-06    1.2984403796E+00    4.1303440372E-01    1.3436381451E+01    1.9746706713E-01
    4.1499000000E-06    1.3000406019E+00    4.0990365560E-01    1.3447075577E+01    1.9746895696E-01
    4.1599000000E-06    1.3015956270E+00    4.0675857429E-01    1.3457783617E+01    1.9747084365E-01
    4.1699000000E-06    1.3031052325E+00    4.0359998137E-01    1.3468505733E+01    1.9747272711E-01
    4.1799000000E-06    1.3045692155E+00    4.0042870343E-01    1.3479242089E+01    1.9747460726E-01
    4.1899000000E-06    1.3059873925E+00    3.9724557142E-01    1.3489992849E+01    1.9747648402E-01
    4.1999000000E-06    1.3073595997E+00    3.9405141998E-01    1.3500758179E+01    1.9747835732E-01
    4.2099000000E-06    1.3086856934E+00    3.9084708686E-01    1.3511538245E+01    1.9748022707E-01
    4.2199000000E-06    1.3099655494E+00    3.8763341215E-01    1.3522333215E+01    1.9748209320E-01
    4.2299000000E-06    1.3111990636E+00    3.8441123774E-01    1.3533143256E+01    1.9748395563E-01
    4.2399000000E-06    1.3123861520E+00    3.8118140656E-01    1.3543968540E+01    1.9748581429E-01
    4.2499000000E-06    1.3135267503E+00    3.7794476199E-01    1.3554809235E+01    1.9748766911E-01
    4.2599000000E-06    1.3146208145E+00    3.7470214712E-01    1.3565665514E+01    1.9748952002E-01
    4.2699000000E-06    1.3156683204E+00    3.7145440415E-01    1.3576537549E+01    1.9749136694E-01
    4.2799000000E-06    1.3166692635E+00    3.6820237370E-01    1.3587425515E+01    1.9749320981E-01
    4.2899000000E-06    1.3176236594E+00    3.6494689413E-01    1.3598329585E+01    1.9749504856E-01
    4.2999000000E-06    1.3185315432E+00    3.6168880092E-01    1.3609249936E+01    1.9749688313E-01
    4.3099000000E-06    1.3193929698E+00    3.5842892599E-01    1.3620186743E+01    1.9749871346E-01
    4.3199000000E-06    1.3202080135E+00    3.5516809710E-01    1.3631140186E+01    1.9750053947E-01
    4.3299000000E-06    1.3209767677E+00    3.5190713714E-01    1.3642110442E+01    1.9750236112E-01
    4.3399000000E-06    1.3216993451E+00    3.4864686359E-01    1.3653097692E+01    1.9750417835E-01
    4.3499000000E-06    1.3223758772E+00    3.4538808785E-01    1.3664102117E+01    1.9750599109E-01
    4.3599000000E-06    1.3230065143E+00    3.4213161466E-01    1.3675123898E+01    1.9750779929E-01
    4.3699000000E-06    1.3235914251E+00    3.3887824149E-01    1.3686163219E+01    1.9750960291E-01
    4.3799000000E-06    1.3241307965E+00    3.3562875801E-01    1.3697220263E+01    1.9751140188E-01
    4.3899000000E-06    1.3246248331E+00    3.3238394548E-01    1.3708295215E+01    1.9751319616E-01
    4.3999000000E-06    1.3250737575E+00    3.2914457623E-01    1.3719388262E+01    1.9751498569E-01
    4.4099000000E-06    1.3254778093E+00    3.2591141315E-01    1.3730499590E+01    1.9751677044E-01
    4.4199000000E-06    1.3258372452E+00    3.2268520916E-01    1.3741629386E+01    1.9751855035E-01
    4.4299000000E-06    1.3261523387E+00    3.1946670674E-01    1.3752777840E+01    1.9752032538E-01
    4.4399000000E-06    1.3264233793E+00    3.1625663747E-01    1.3763945142E+01    1.9752209549E-01
    4.4499000000E-06    1.3266506727E+00    3.1305572153E-01    1.3775131481E+01    1.9752386062E-01
    4.4599000000E-06    1.3268345401E+00    3.0986466738E-01    1.3786337050E+01    1.9752562075E-01
    4.4699000000E-06    1.3269753178E+00    3.0668417123E-01    1.3797562040E+01    1.9752737583E-01
    4.4799000000E-06    1.3270733571E+00    3.0351491679E-01    1.3808806645E+01    1.9752912582E-01
    4.4899000000E-06    1.3271290237E+00    3.0035757481E-01    1.3820071058E+01    1.9753087069E-01
    4.4999000000E-06    1.3271426970E+00    2.9721280281E-01    1.3831355474E+01    1.9753261038E-01
    4.5099000000E-06    1.3271147705E+00    2.9408124475E-01    1.3842660089E+01    1.9753434488E-01
    4.5199000000E-06    1.3270456504E+00    2.9096353074E-01    1.3853985098E+01    1.9753607413E-01
    4.5299000000E-06    1.3269357560E+00    2.8786027680E-01    1.3865330697E+01    1.9753779812E-01
    4.5399000000E-06    1.3267855189E+00    2.8477208458E-01    1.3876697085E+01    1.9753951679E-01
    4.5499000000E-06    1.3265953826E+00    2.8169954122E-01    1.3888084458E+01    1.9754123011E-01
    4.5599000000E-06    1.3263658021E+00    2.7864321909E-01    1.3899493016E+01    1.9754293806E-01
    4.5699000000E-06    1.3260972435E+00    2.7560367567E-01    1.3910922956E+01    1.9754464060E-01
    4.5799000000E-06    1.3257901837E+00    2.7258145340E-01    1.3922374478E+01    1.9754633770E-01
    4.5899000000E-06    1.3254451098E+00    2.6957707954E-01    1.3933847782E+01    1.9754802932E-01
    4.5999000000E-06    1.3250625187E+00    2.6659106613E-01    1.3945343068E+01    1.9754971543E-01
    4.6099000000E-06    1.3246429168E+00    2.6362390987E-01    1.3956860535E+01    1.9755139600E-01
    4.6199000000E-06    1.3241868196E+00    2.6067609210E-01    1.3968400385E+01    1.9755307100E-01
    4.6299000000E-06    1.3236947511E+00    2.5774807880E-01    1.3979962817E+01    1.9755474041E-01
    4.6399000000E-06    1.3231672439E+00    2.5484032051E-01    1.3991548034E+01    1.9755640418E-01
    4.6499000000E-06    1.3226048380E+00    2.5195325245E-01    1.4003156235E+01    1.9755806229E-01
    4.6599000000E-06    1.3220080813E+00    2.4908729450E-01    1.4014787623E+01    1.9755971472E-01
    4.6699000000E-06    1.3213775287E+00    2.4624285129E-01    1.4026442397E+01    1.9756136142E-01
    4.6799000000E-06    1.3207137418E+00    2.4342031227E-01    1.4038120759E+01    1.9756300239E-01
    4.6899000000E-06    1.3200172886E+00    2.4062005182E-01    1.4049822910E+01    1.9756463758E-01
